    511.00
  2.563894
  2.561174
  2.558453
  2.555733
  2.553049
  2.550329
  2.547608
  2.544924
  2.542204
  2.539774
  2.537053
  2.534623
  2.531903
  2.529473
  2.526752
  2.524322
  2.521602
  2.519172
  2.516741
  2.514311
  2.511881
  2.509415
  2.506984
  2.504554
  2.501834
  2.499658
  2.497227
  2.494797
  2.492367
  2.489937
  2.487471
  2.485040
  2.482610
  2.480434
  2.478004
  2.475827
  2.473397
  2.470967
  2.468537
  2.466361
  2.463930
  2.461464
  2.459034
  2.456858
  2.454718
  2.452251
  2.449821
  2.447645
  2.445505
  2.443038
  2.440898
  2.438468
  2.436292
  2.434115
  2.431939
  2.429509
  2.427333
  2.425193
  2.423016
  2.420840
  2.418410
  2.416234
  2.414057
  2.411917
  2.409741
  2.407565
  2.405389
  2.403249
  2.401072
  2.398896
  2.396720
  2.394834
  2.392657
  2.390771
  2.388595
  2.386419
  2.384823
  2.382900
  2.381558
  2.380216
  2.379382
  2.379128
  2.379382
  2.379926
  2.381014
  2.382102
  2.383190
  2.384279
  2.385077
  2.385621
  2.386165
  2.386709
  2.387253
  2.387507
  2.387797
  2.388341
  2.388341
  2.388595
  2.388885
  2.388885
  2.388885
  2.388885
  2.388885
  2.388885
  2.388595
  2.388595
  2.388341
  2.388051
  2.387797
  2.387507
  2.387507
  2.387253
  2.386709
  2.386165
  2.385911
  2.385367
  2.384533
  2.383735
  2.382900
  2.381848
  2.380760
  2.379926
  2.378838
  2.378040
  2.376952
  2.375864
  2.374776
  2.373687
  2.372636
  2.371547
  2.370459
  2.369371
  2.368283
  2.367195
  2.366107
  2.365019
  2.363967
  2.362879
  2.361790
  2.360702
  2.359614
  2.358526
  2.357728
  2.356640
  2.355552
  2.354464
  2.353666
  2.352578
  2.351489
  2.350691
  2.349603
  2.348515
  2.347681
  2.346629
  2.345541
  2.344453
  2.343618
  2.342567
  2.341732
  2.340644
  2.340100
  2.339302
  2.338758
  2.337960
  2.337416
  2.337126
  2.336582
  2.336328
  2.336038
  2.336038
  2.336038
  2.335784
  2.335784
  2.335784
  2.336038
  2.336038
  2.336038
  2.336328
  2.336328
  2.336582
  2.336582
  2.336872
  2.336872
  2.336872
  2.337126
  2.337126
  2.337126
  2.337126
  2.337416
  2.337416
  2.337416
  2.337416
  2.337416
  2.337670
  2.337670
  2.337670
  2.337416
  2.337416
  2.337416
  2.337416
  2.337416
  2.337416
  2.337416
  2.337416
  2.337126
  2.337126
  2.337126
  2.337126
  2.337126
  2.337126
  2.336872
  2.336872
  2.336872
  2.336582
  2.336582
  2.336582
  2.336328
  2.336328
  2.336328
  2.336328
  2.336038
  2.336038
  2.336038
  2.335784
  2.335784
  2.335784
  2.335494
  2.335494
  2.335494
  2.335240
  2.335240
  2.335240
  2.334950
  2.334950
  2.334950
  2.334950
  2.334696
  2.334696
  2.334406
  2.334406
  2.334152
  2.334152
  2.334152
  2.333898
  2.333608
  2.333608
  2.333354
  2.333354
  2.333064
  2.333064
  2.332810
  2.332519
  2.332519
  2.332519
  2.332266
  2.331975
  2.331722
  2.331722
  2.331722
  2.331431
  2.331177
  2.330887
  2.330887
  2.330633
  2.330343
  2.330089
  2.330089
  2.329835
  2.329545
  2.329545
  2.329291
  2.329291
  2.329001
  2.328747
  2.328457
  2.328457
  2.328203
  2.327913
  2.327659
  2.327369
  2.327115
  2.326825
  2.326571
  2.326281
  2.326027
  2.325483
  2.325229
  2.324939
  2.324685
  2.324141
  2.323851
  2.323597
  2.323053
  2.322762
  2.322218
  2.321965
  2.321420
  2.321167
  2.320622
  2.320332
  2.319788
  2.319244
  2.318990
  2.318446
  2.317902
  2.317612
  2.317068
  2.316560
  2.316016
  2.315472
  2.315182
  2.314638
  2.314094
  2.313550
  2.313006
  2.312498
  2.311954
  2.311410
  2.310866
  2.310321
  2.309777
  2.309233
  2.308689
  2.308145
  2.307601
  2.307057
  2.306513
  2.305715
  2.305425
  2.304881
  2.304083
  2.303539
  2.302995
  2.302197
  2.301653
  2.301109
  2.300274
  2.299730
  2.299222
  2.298388
  2.297844
  2.297046
  2.296502
  2.295958
  2.295160
  2.294616
  2.294072
  2.293238
  2.292694
  2.291896
  2.291352
  2.290554
  2.290010
  2.289175
  2.288631
  2.287833
  2.286999
  2.286201
  2.285403
  2.284569
  2.283771
  2.283227
  2.282393
  2.281595
  2.280797
  2.279962
  2.279418
  2.278330
  2.277532
  2.276734
  2.275900
  2.275102
  2.274268
  2.273470
  2.272672
  2.271584
  2.270749
  2.269951
  2.268863
  2.268065
  2.267231
  2.266433
  2.265345
  2.264547
  2.263459
  2.262625
  2.261537
  2.260739
  2.259650
  2.258852
  2.258018
  2.257220
  2.256132
  2.255044
  2.254246
  2.253158
  2.252070
  2.251272
  2.250438
  2.249349
  2.248551
  2.247463
  2.246375
  2.245577
  2.244489
  2.243655
  2.242603
  2.241769
  2.240681
  2.239592
  2.238541
  2.237452
  2.236364
  2.235530
  2.234478
  2.233390
  2.232302
  2.231214
  2.230126
  2.229037
  2.227949
  2.226861
  2.225519
  2.224431
  2.223343
  2.222255
  2.221203
  2.220115
  2.219027
  2.217938
  2.216850
  2.215508
  2.214420
  2.213332
  2.212244
  2.211156
  2.210068
  2.208979
  2.207637
  2.206549
  2.205461
  2.204373
  2.203031
  2.201689
  2.200601
  2.199513
  2.198424
  2.197082
  2.195994
  2.194652
  2.193564
  2.192476
  2.191098
  2.190046
  2.188414
  2.187325
  2.186237
  2.184895
  2.183807
  2.182429
  2.181377
  2.179999
  2.178657
  2.177315
  2.176226
  2.174848
  2.173760
  2.172418
  2.171330
  2.169988
  2.168900
  2.167558
  2.166179
  2.164837
  2.163749
  2.162407
  2.161029
  2.159687
  2.158345
  2.157257
  2.155914
  2.154536
  2.153194
  2.152106
  2.150764
  2.149386
  2.148297
  2.146702
  2.145613
  2.144235
  2.142893
  2.141551
  2.140173
  2.138831
  2.137743
  2.136401
  2.135022
  2.133680
  2.132338
  2.130960
  2.129908
  2.128530
  2.127188
  2.125846
  2.124757
  2.123379
  2.122037
  2.120695
  2.119317
  2.117975
  2.116633
  2.115254
  2.113912
  2.112570
  2.111192
  2.110104
  2.108762
  2.107420
  2.106041
  2.104699
  2.103357
  2.101979
  2.100637
  2.099295
  2.097917
  2.096829
  2.095486
  2.094398
  2.093056
  2.091678
  2.090626
  2.089538
  2.088160
  2.087362
  2.086274
  2.085476
  2.084641
  2.084097
  2.083299
  2.082755
  2.082211
  2.081667
  2.081123
  2.080325
  2.079781
  2.079237
  2.078693
  2.077895
  2.077351
  2.076517
  2.075973
  2.075175
  2.074340
  2.073542
  2.072744
  2.071910
  2.071112
  2.070024
  2.069226
  2.068138
  2.067050
  2.066216
  2.065164
  2.064076
  2.062987
  2.061899
  2.060811
  2.059469
  2.058381
  2.057293
  2.055951
  2.054863
  2.053484
  2.052396
  2.051344
  2.049966
  2.048624
  2.047282
  2.045904
  2.044562
  2.043220
  2.041841
  2.040209
  2.038867
  2.037525
  2.036147
  2.034551
  2.032918
  2.031540
  2.029944
  2.028312
  2.026680
  2.025048
  2.023706
  2.021819
  2.020441
  2.018809
  2.017213
  2.015581
  2.014202
  2.012607
  2.010974
  2.009342
  2.008000
  2.006368
  2.004990
  2.003394
  2.001761
  2.000383
  1.998787
  1.997409
  1.995777
  1.994435
  1.992802
  1.991460
  1.989828
  1.988486
  1.987108
  1.985512
  1.984134
  1.982538
  1.981159
  1.979817
  1.978439
  1.977097
  1.975465
  1.974123
  1.972781
  1.971402
  1.970060
  1.968718
  1.967086
  1.965708
  1.964366
  1.963024
  1.961391
  1.960049
  1.958671
  1.957329
  1.955987
  1.954609
  1.953267
  1.951925
  1.950546
  1.949204
  1.947862
  1.946484
  1.945142
  1.943764
  1.942712
  1.941333
  1.939991
  1.938649
  1.937271
  1.935929
  1.934587
  1.933499
  1.932120
  1.930778
  1.929436
  1.928058
  1.926970
  1.925628
  1.924286
  1.922908
  1.921566
  1.920224
  1.919135
  1.917757
  1.916415
  1.915073
  1.913695
  1.912353
  1.911264
  1.909922
  1.908580
  1.907492
  1.906114
  1.904518
  1.903430
  1.902052
  1.900963
  1.899621
  1.898279
  1.896901
  1.895849
  1.894471
  1.893129
  1.892041
  1.890699
  1.889320
  1.888232
  1.887180
  1.885802
  1.884460
  1.883372
  1.882284
  1.880942
  1.879563
  1.878511
  1.877133
  1.876045
  1.874703
  1.873615
  1.872273
  1.871185
  1.870097
  1.868755
  1.867376
  1.866288
  1.865236
  1.864148
  1.862770
  1.861428
  1.860340
  1.858998
  1.857909
  1.856567
  1.855479
  1.854391
  1.853013
  1.851671
  1.850583
  1.849494
  1.848152
  1.847064
  1.845722
  1.844634
  1.843546
  1.842204
  1.841116
  1.840028
  1.838686
  1.837597
  1.836509
  1.835167
  1.834079
  1.832991
  1.831613
  1.830561
  1.829183
  1.828385
  1.827006
  1.825954
  1.824576
  1.823488
  1.822400
  1.821348
  1.819970
  1.818881
  1.817830
  1.816741
  1.815653
  1.814275
  1.813223
  1.812135
  1.811047
  1.809669
  1.808617
  1.807529
  1.806440
  1.805352
  1.804010
  1.802922
  1.801834
  1.800746
  1.799404
  1.798316
  1.797227
  1.796139
  1.795051
  1.793963
  1.792621
  1.791533
  1.790445
  1.789357
  1.788268
  1.787217
  1.786128
  1.785040
  1.783952
  1.782864
  1.781522
  1.780688
  1.779600
  1.778258
  1.777169
  1.776081
  1.774993
  1.773941
  1.772853
  1.771475
  1.770387
  1.769335
  1.768247
  1.767159
  1.766070
  1.764982
  1.763894
  1.762806
  1.761718
  1.760666
  1.759578
  1.758490
  1.757402
  1.756313
  1.755225
  1.754137
  1.753049
  1.751997
  1.750909
  1.749821
  1.748733
  1.747645
  1.746556
  1.745468
  1.744380
  1.743328
  1.742240
  1.741152
  1.740064
  1.739266
  1.737888
  1.736799
  1.736002
  1.734913
  1.733825
  1.732737
  1.731649
  1.730597
  1.729509
  1.728421
  1.727333
  1.726245
  1.725156
  1.724358
  1.723270
  1.722182
  1.721094
  1.720006
  1.718918
  1.717866
  1.716778
  1.715943
  1.714601
  1.713767
  1.712715
  1.711627
  1.710793
  1.709705
  
